6784284
6784285
6784286
6784287
6784288
6784289
6784290
6784291
6784292
6784293
6784294
6784295
6784296
6784297
6784298
6784299
6784300
6784301
6784302
6784303
6784304
6784305
6784306
6784307
6784309
6784310
6784311
6784312
6784313
6784314
6784315
6784316
6784317
6784318
6784319
6784320
6784321
6784322
6784323
6784324
6784325
6784326
6784327
6784328
6784329
6784330
6784331
6784332
6784333
6784334
6784335
6784336
6784337
6784338
6784339
6784340
6784341
6784342
6784343
6784344
6784345
6784346
6784347
6784348
6784349
6784350
6784351
6784352
6784353
6784354
6784355
6784356
6784357
6784358
6784359
6784360
6784361
6784362
6784363
6784364
6784365
6784366
6784367
6784368
6784369
6784370
6784371
6784372
6784373
6784374
6784375
6784376
6784377
6784378
6784379
6784380
6784381
6784382
6784383
6784384
6784385
6784386
6784387
6784388
6784389
6784390
6784391
6784392
6784394
6784395
6784396
6784397
6784398
6784399
6784400
6784401
6784402
6784403
6784404
6784405
6784406
6784407
6784408
6784409
6784410
6784411
6784412
6784413
6784414
6784415
6784416
6784417
6784418
6784419
6784420
6784421
6784422
6784423
6784424
6784425
6784426
6784427
6784428
6784429
6784430
6784431
6784432
6784433
6784434
6784435
6784436
6784437
6784438
6784439
6784440
6784441
6784442
6784443
6784444
6784445
6784446
6784447
6784449
6784450
6784451
6784452
6784453
6784454
6784455
6784456
6784457
6784458
6784459
6784460
6784461
6784462
6784463
6784464
6784465
6784466
6784467
6784468
6784469
6784470
6784471
6784472
6784473
6784474
6784475
6784476
6784477
6784478
6784479
6784480
6784481
6784482
6784483
6784484
6784485
6784486
6784487
6784488
6784489
6784490
6784491
6784492
6784493
6784494
6784495
6784496
6784497
6784498
6784499
6784500
6784501
6784502
6784503
6784504
6784506
6784507
6784508
6784516
6784517
6784518
6784519
6784520
6784521
6784522
6784523
6784524
6784525
6784526
6784527
6784528
6784529
6784530
6784531
6784532
6784533
6784534
6784535
6784536
6784537
6784538
6784539
6784540
6784541
6784542
6784543
6784544
6784545
6784546
6784547
6784548
6784549
6784550
6784551
6784552
6784553
6784554
6784555
6784556
6784557
6784558
6784559
6784560
6784561
6784570
6784571
6784572
6784573
6784574
6784575
6784576
6784577
6784579
6784580
6784581
6784582
6784583
6784584
6784585
6784586
6784587
6784588
6784589
6784590
6784591
6784592
6784593
6784594
6784595
6784596
6784597
6784598
6784599
6784600
6784601
6784602
6784603
6784604
6784605
6784606
6784607
6784608
6784609
6784613
6784614
6784615
6784616
6784617
6784618
6784619
6784620
6784621
6784622
6784623
6784624
6784625
6784626
6784627
6784628
6784629
6784630
6784631
6784632
6784633
6784634
6784635
6784637
6784638
6784639
6784640
6784641
6784642
6784643
6784644
6784645
6784646
6784647
6784648
6784649
6784650
6784651
6784652
6784653
6784654
6784655
6784656
6784657
6784658
6784659
6784660
6784661
6784662
6784663
6784664
6784665
6784666
6784667
6784668
6784669
6784670
6784671
6784672
6784673
6784674
6784675
6784676
6784677
6784678
6784679
6784680
6784681
6784682
6784683
6784684
6784685
6784686
6784687
6784688
6784689
6784690
6784691
6784692
6784693
6784694
6784695
6784696
6784697
6784698
6784699
6784700
6784701
6784702
6784703
6784704
6784705
6784706
6784707
6784708
6784709
6784710
6784711
6784712
6784713
6784714
6784715
6784716
6784717
6784718
6784719
6784720
6784721
6784722
6784723
6784724
6784725
6784726
6784727
6784728
6784729
6784730
6784731
6784732
6784733
6784734
6784735
6784736
6784737
6784738
6784739
6784740
6784741
6784742
6784743
6784744
6784745
6784746
6784747
6784748
6784749
6784750
6784751
6784752
6784753
6784754
6784755
6784756
6784757
6784758
6784759
6784760
6784761
6784762
6784763
6784764
6784765
6784766
6784767
6784768
6784769
6784770
6784771
6784772
6784773
6784774
6784775
6784776
6784777
6784778
6784779
6784780
6784781
6784782
6784783
6784785
6784786
6784787
6784788
6784789
6784790
6784791
6784792
6784793
6784794
6784795
6784796
6784797
6784798
6784799
6784800
6784801
6784802
6784803
6784804
6784805
6784806
6784807
6784808
6784809
6784810
6784811
6784812
6784835
6784836
6784837
6784838
6784839
6784840
6784841
6784842
6784843
6784844
6784845
6784846
6784847
6784848
6784849
6784850
6784851
6784852
6784853
6784854
6784855
6784856
6784857
6784859
6784860
6784861
6784862
6784863
6784864
6784865
6784866
6784867
6784868
6784869
6784870
6784871
6784872
6784873
6784874
6784875
6784876
6784877
6784878
6784879
6784880
6784881
6784882
6784883
6784884
6784886
6784887
6784888
6784889
6784890
6784891
6784892
6784893
6784894
6784895
6784896
6790076
6790077
6790078
6790079
6790083
6790084
6790085
6790944
6790945
6790947
6790948
6790949
6790950
6790951
6790952
6790953
6790954
6790955
6790956
6790957
6790958
6790960
6790961
6790963
6790964
6790965
6790967
6790968
6790969
6790970
6790971
6790972
6790973
6790974
6790976
6790977
6790978
6790979
6790980
6790981
6790983
6790984
6790985
6790987
6790990
6790991
6790993
6790994
6790995
6790996
6790997
6790998
6791000
6791004
6791005
6791006
6791008
6791009
6791010
6791011
6791012
6791013
6791014
6791016
6791017
6791018
6791019
6791020
6791021
6791025
6791026
6791027
6791028
6791029
6791030
6791031
6791032
6791033
6791036
6791037
6791038
6791040
6791041
6791043
6791044
6791048
6791049
6791050
6791051
6791053
6791055
6791057
6791058
6791059
6791062
6791063
6791064
6791065
6791068
6791071
6791072
6791073
6791074
6791075
6791077
6791079
6791080
6791081
6791082
6791085
6791086
6791087
6791089
6791090
6791091
6791092
6791096
6791097
6791100
6791102
6791103
6791105
6791108
6791109
6791110
6791111
6791113
6791114
6791115
6791116
6791118
6791122
6791123
6791124
6791125
6791126
6791127
6791128
6791129
6791130
6791131
6791132
6791135
6791136
6791140
6791141
6791142
6791143
6791144
6791145
6791153
6791154
6791155
6791161
6791162
6791169
6791170
6791179
6791184
6791185
6791191
6791195
6791197
6791200
6791201
6791205
6791206
6791207
6791208
6791209
6791211
6791212
6791215
6791216
6791217
6791218
6791219
6791220
6791223
6791224
6791225
6791226
6791227
6791228
6791229
6791230
6791231
6791232
6791233
6791234
6791235
6791237
6791239
6791244
6791245
6791248
6791249
6791251
6791253
6791254
6791255
6791256
6791257
6791259
6791263
6791268
6791269
6791270
6791271
6791273
6791274
6791275
6791276
6791277
6791278
6791279
6791281
6791283
6791284
6791287
6791288
6791289
6791290
6791291
6791292
6791294
6791296
6791297
6791299
6791300
6791301
6791302
6791304
6791305
6791306
6791307
6791309
6791311
6791314
6791315
6791318
6791319
6791577
6791581
6791595
6791599
6791613
6791619
6791636
6791638
6791644
6791649
6791795
6791810
6791822
6791835
6801047
6801053
6804251
6805054
6805055
6805056
6806189
6807349
6807350
6807351
6807352
6807353
6807354
6807355
6807356
6807357
6807358
6807359
6807379
6807380
6807381
6807382
6807383
6807384
6807385
6807386
6807387
6807388
6807389
6807390
6807391
6807392
6807393
6807394
6807395
6807396
6807397
6807398
6807399
6807400
6807401
6807402
6807403
6807404
6807405
6807406
6807407
6807408
6807409
6807410
6807411
6807412
6807413
6807414
6807415
6807417
6807418
6807419
6807420
6807421
6807422
6807423
6807424
6807425
6807426
6807427
6807428
6807429
6807430
6807431
6807432
6807433
6807434
6807435
6807436
6807437
6807438
6807439
6807440
6807441
6807442
6807443
6807444
6807445
6807446
6807447
6807448
6807449
6807450
6807451
6807452
6807464
6807465
6807466
6807467
6807468
6807469
6807470
6807471
6807472
6807473
6807474
6807475
6807476
6807477
6807478
6807479
6807480
6807481
6807482
6807483
6807484
6807485
6807486
6807487
6807488
6807489
6807490
6807491
6807492
6807493
6807494
6807495
6807496
6807497
6807498
6807499
6807500
6807501
6807502
6807503
6807504
6807505
6807506
6807507
6807508
6807509
6807510
6807511
6807513
6807514
6807515
6807516
6807517
6807518
6807519
6807520
6807521
6807522
6807523
6807524
6807525
6807526
6807527
6807528
6807529
6807530
6807531
6807532
6807533
6807534
6807535
6807536
6807537
6807538
6807539
6807540
6807541
6807542
6807544
6807545
6807546
6807547
6807548
6807549
6807550
6807551
6807552
6807553
6807554
6807555
6807556
6807557
6807558
6807559
6807560
6807561
6807562
6807563
6807564
6807565
6807566
6807567
6807568
6807569
6807570
6807571
6807572
6807574
6807575
6807576
6807577
6807578
6807579
6807580
6807581
6807582
6807583
6807584
6807585
6807586
6807587
6807588
6807589
6807590
6807591
6807592
6807593
6807594
6807595
6807596
6807597
6807598
6807599
6807600
6807601
6807602
6807603
6807604
6807605
6807606
6807607
6807608
6807609
6807610
6807611
6807612
6807613
6807614
6807616
6807617
6807618
6807619
6807620
6807621
6807622
6807623
6807624
6807625
6807626
6807627
6807628
6807629
6807630
6807631
6807632
6807633
6807634
6807635
6807636
6807637
6807638
6807639
6807640
6807641
6807642
6807643
6807644
6807645
6807646
6807647
6807648
6807649
6807650
6807651
6807652
6807653
6807654
6807655
6807656
6807657
6807658
6807659
6807664
6807665
6807666
6807667
6807668
6807669
6807670
6807671
6807672
6807673
6807674
6807675
6807676
6807677
6807678
6807679
6807680
6807681
6807682
6807683
6807684
6807685
6807686
6807687
6807688
6807689
6807690
6807691
6807692
6807693
6807694
6807695
6807696
6807697
6807698
6807699
6807700
6807701
6807702
6807703
6807704
6807705
6807706
6807707
6807708
6807709
6807710
6807711
6807712
6807713
6807714
6807715
6807716
6807717
6807718
6807719
6807720
6807721
6807722
6807723
6807724
6807725
6807726
6807727
6807728
6807729
6807730
6807731
6807732
6807733
6807734
6807735
6807736
6807747
6807748
6807749
6807750
6807751
6807752
6807753
6807754
6807755
6807756
6807757
6807758
6807759
6807760
6807761
6807762
6807763
6807764
6807765
6807766
6807767
6807768
6807769
6807770
6807771
6807772
6807773
6807774
6807775
6807776
6807778
6807812
6807813
6807826
6808086
6808087
6808624
6808625
6808626
6808627
6808628
6808629
6808630
6808631
6808632
6808633
6808635
6808690
6808691
6808692
6808693
6808694
6808695
6808696
6808697
6808698
6808699
6808700
6808701
6808702
6808703
6808704
6808705
6808706
6808707
6808708
6808709
6808710
6808711
6808712
6808713
6808714
6808715
6808716
6808717
6808718
6808719
6808720
6808721
6808722
6808723
6808724
6808725
6808726
6808727
6808728
6808729
6808730
6808731
6808732
6808733
6808734
6808735
6808736
6808737
6808738
6808739
6808740
6808741
6808742
6808743
6808744
6808745
6808746
6808747
6808748
6808749
6808750
6808751
6808752
6808753
6808754
6808755
6808756
6808757
6808758
6808759
6808760
6808761
6808762
6808763
6808764
6808765
6808766
6808768
6808769
6808770
6808771
6808772
6808773
6808774
6808776
6808777
6808778
6808779
6808780
6808781
6808782
6808783
6808784
6808786
6808787
6808788
6808789
6808790
6808791
6808792
6808793
6808794
6808795
6808796
6808797
6808798
6808799
6808800
6808801
6808802
6808803
6808804
6808806
6808807
6808808
6808809
6808810
6808811
6808812
6808813
6808814
6808815
6808816
6808817
6808818
6808819
6808820
6808822
6808823
6808824
6808825
6808826
6808827
6808828
6808830
6808831
6808832
6808834
6808835
6808836
6808837
6808838
6808839
6808840
6808841
6808842
6808843
6808844
6808845
6808846
6808847
6808848
6808849
6808850
6808851
6808852
6808853
6808854
6808855
6808856
6808857
6808858
6808859
6808860
6808861
6808862
6808863
6808864
6808865
6808866
6808867
6808868
6808869
6808870
6808871
6808872
6808873
6808874
6808875
6808876
6808877
6808878
6808879
6808880
6808881
6808882
6808883
6808884
6808885
6808886
6808887
6808888
6808889
6808890
6808891
6808892
6808893
6808894
6808895
6808896
6808897
6808898
6808899
6808900
6808901
6808902
6808903
6808904
6808905
6808906
6808907
6808908
6808909
6808910
6808911
6808912
6808913
6808914
6808915
6808916
6808917
6808918
6808919
6808920
6808921
6808922
6808923
6808924
6808925
6808926
6808927
6808928
6808929
6808930
6808931
6808932
6808933
6808934
6808935
6808936
6808937
6808938
6808939
6808940
6808941
6808942
6808943
6808944
6808945
6808946
6808947
6808948
6808949
6808950
6808951
6808952
6808953
6808954
6808955
6808956
6808957
6808958
6808959
6808960
6808961
6808962
6808963
6808964
6808965
6808966
6808967
6808968
6808969
6808970
6808971
6808972
6808973
6808974
6808975
6808978
6808979
6808980
6808981
6808982
6808983
6808984
6808985
6808986
6808987
6808988
6808989
6808990
6808991
6808992
6808993
6808994
6808995
6808996
6808997
6808998
6808999
6809000
6809001
6809002
6809003
6809004
6809005
6809006
6809007
6809009
6809010
6809011
6809012
6809013
6809014
6809015
6809016
6809017
6809018
6809021
6809022
6809023
6809025
6809026
6809027
6809028
6809029
6809030
6809031
6809032
6809033
6809034
6809035
6809036
6809037
6809038
6809039
6809040
6809041
6809042
6809043
6809044
6809045
6809046
6809047
6809048
6809049
6809051
6809052
6809053
6809054
6809055
6809056
6809057
6809058
6809059
6809064
6809065
6809067
6809068
6809069
6809070
6809071
6809072
6809073
6809074
6809075
6809076
6809077
6809078
6809079
6809081
6809082
6809083
6809084
6809085
6809096
6809097
6809098
6809099
6809100
6809101
6809102
6809103
6809104
6809105
6809106
6809107
6809108
6809109
6809110
6809111
6809112
6809113
6809114
6809115
6809116
6809117
6809118
6809119
6809120
6809121
6809122
6809123
6809124
6809125
6809126
6809127
6809128
6809129
6809130
6809131
6809132
6809133
6809134
6809135
6809136
6809137
6809138
6809139
6809140
6809141
6809142
6809143
6809144
6809145
6809146
6809147
6809148
6809149
6809150
6809151
6809152
6809153
6809154
6809155
6809156
6809157
6809158
6809169
6812430
6812431
6812674
6812676
6812678
6812679
6812685
6812686
6820065
6821690
6822460
6822462
6822493
6822498
6822500
6822501
6822516
6822517
6824559
6824560
6825336
6825338
6829807
6829808
6829809
6829810
6829811
6829812
6829813
6829814
6829815
6829816
6830049
6830050
6830051
6830052
6830053
6830054
6830055
6830056
6830057
6830058
6830059
6830060
6830061
6830062
6830063
6830064
6830065
6830066
6830067
6830068
6830069
6830070
6830071
6830072
6830073
6830074
6830075
6830076
6830077
6830078
6830079
6830080
6830081
6830082
6830083
6830084
6830085
6830086
6830087
6830088
6830089
6830090
6830091
6830092
6830093
6830094
6830095
6830096
6830097
6830098
6830099
6830100
6830101
6830102
6830103
6830104
6830105
6830106
6830107
6830108
6830109
6830110
6830111
6830112
6830113
6830114
6830115
6830116
6830117
6830118
6830119
6830120
6830121
6830122
6830123
6830124
6830125
6830126
6830127
6830128
6830129
6830130
6830131
6830132
6830133
6830134
6830135
6830136
6830137
6830138
6830139
6830140
6830141
6830142
6830143
6830144
6830145
6830146
6830147
6830148
6830149
6830150
6830151
6830152
6830153
6830154
6830155
6830156
6830157
6830158
6830159
6830160
6830161
6830162
6830163
6830164
6830165
6830166
6830167
6830168
6830169
6830170
6830171
6830172
6830173
6830174
6830175
6830176
6830177
6830178
6830179
6830180
6830181
6830182
6830183
6830184
6830185
6830186
6830187
6830188
6830189
6830190
6830191
6830192
6830193
6830194
6830195
6830196
6830197
6830198
6830199
6830200
6830201
6830202
6830203
6830204
6830205
6830206
6830207
6830208
6830209
6830210
6830211
6830212
6830213
6830214
6830215
6830216
6830217
6830218
6830219
6830220
6830221
6830222
6830223
6830224
6830225
6830226
6830227
6830228
6830229
6830230
6830231
6830232
6830233
6830234
6830235
6830236
6830237
6830238
6830239
6830240
6830241
6830242
6830243
6830244
6830245
6830246
6830247
6830248
6830249
6830250
6830251
6830252
6830253
6830254
6830255
6830256
6830257
6830258
6830259
6830260
6830261
6830262
6830263
6830264
6830265
6830266
6830267
6830268
6830269
6830270
6830271
6830272
6830273
6830274
6830275
6830276
6830277
6830278
6830279
6830280
6830281
6830282
6830283
6830284
6830285
6830286
6830287
6830288
6830289
6830290
6830291
6830292
6830293
6830294
6830295
6830296
6830297
6830298
6830299
6830300
6830301
6830302
6830303
6830315
6830316
6830317
6830318
6830319
6830320
6830321
6830322
6830323
6830324
6830325
6830326
6830327
6830328
6830329
6830330
6830331
6830332
6830333
6830334
6830335
6830336
6830337
6830338
6830339
6830340
6830341
6830342
6830343
6830344
6830345
6830346
6830347
6830348
6830349
6830350
6830351
6830352
6830353
6830354
6830355
6830356
6830357
6830358
6830359
6830360
6830361
6830362
6830364
6830365
