1771925
1771926
1771928
1771929
1771930
1771931
1771932
1771933
1771934
1771935
1771936
1771937
1771938
1771939
1771940
1771941
1771942
1771943
1771944
1771945
1771946
1771947
1771948
1771949
1771950
1771951
1771952
1771954
1771955
1771956
1771957
1771958
1771959
1771960
1771961
1771962
1771963
1771964
1771965
1771966
1771967
1771968
1771969
1771971
1771972
1771973
1771974
1771975
1771976
1771977
1771980
1771981
1771982
1771983
1771984
1771985
1771986
1771989
1771990
1771991
1771992
1771993
1771994
1771995
1771996
1771997
1771998
1771999
1772000
1772001
1772002
1772003
1772004
1772005
1772006
1772007
1772008
1772009
1772010
1772011
1772012
1772013
1772014
1772015
1772016
1772017
1772018
1772019
1772020
1772021
1772022
1772023
1772024
1772025
1772026
1772028
1772029
1772030
1772031
1772032
1772033
1772034
1772035
1772036
1772037
1772038
1772039
1772040
1772041
1772042
1772043
1772044
1772046
1772047
1772048
1772049
1772051
1772052
1772053
1772054
1772055
1772056
1772057
1772058
1772059
1772060
1772061
1772062
1772063
1772064
1772065
1772066
1772067
1772068
1772069
1772070
1772072
1772073
1772074
1772075
1772076
1772077
1772080
1772081
1772082
1772083
1772084
1772085
1772086
1772087
1772088
1772089
1772090
1772091
1772092
1772093
1772094
1772095
1772096
1772097
1772098
1772099
1772100
1772101
1772102
1772103
1772104
1772105
1772106
1772108
1772109
1772110
1772111
177566
177567
177568
177569
177570
177571
177572
177573
177574
177575
177576
177577
177578
177579
177580
177581
177582
177583
177584
177585
177586
177587
177588
177589
177590
177591
177592
177593
177594
177595
177596
177597
177598
177599
177600
177601
177602
177603
177604
177605
177606
177607
177608
177609
177610
177611
177612
177613
177614
177615
177616
177617
177618
177619
177620
177621
177622
177623
177624
177625
177626
177627
177628
177629
177630
177631
177632
177633
177634
177635
177636
177637
177638
177639
177640
177641
177642
177643
177644
177645
177646
177647
177648
177649
177650
177651
177652
177653
177654
177655
177656
177657
177658
177659
177660
177661
177662
177663
177664
177665
177666
177667
177668
177669
177670
177671
177672
177673
177675
177676
177677
177678
177679
177680
177681
177682
177683
177684
177685
177687
177688
177689
177690
177691
177692
177693
177694
177695
177696
177698
177699
177700
177701
177702
177703
177704
177705
177706
177707
177708
177709
177710
177711
177712
177713
177714
177715
177716
177717
177718
177719
177721
177722
177723
177724
177725
177726
177727
177728
177729
177730
177731
177732
177733
177734
177735
177736
177737
177738
177739
177740
177741
177742
177743
177744
177745
177746
177747
177748
177749
177750
177751
177752
177753
177754
177755
177756
177757
177758
177759
177760
177761
177762
177763
177764
177765
177766
177767
177768
177769
177770
177771
177772
177773
177774
177775
177776
177777
177778
177779
177781
177782
177783
177784
177785
177786
177787
177788
177789
177790
177791
177792
177793
177794
177795
177796
177797
177798
177799
177800
177801
177802
177803
177804
177805
177806
177807
177808
177809
177810
177811
177812
177813
177814
177815
177816
177817
177818
177819
177820
177821
177822
177823
177824
177825
177826
177827
177828
177829
177830
177831
177832
177833
177834
177835
177836
177837
177838
177839
177840
177841
177842
177843
177844
177845
177846
177847
177848
177849
177850
177851
177852
177853
177854
177855
177856
177857
177858
177859
177860
177861
177862
177863
177864
177865
177866
177867
177868
177870
177871
177872
177873
177874
177944
177945
177948
177949
177950
177951
177952
177953
177954
177955
177957
177958
177959
177960
177961
177962
177963
177964
177965
177966
177967
177968
177969
177971
177972
177973
177974
177977
177978
177980
177981
177982
177983
177984
177985
177986
177987
177988
177989
177990
177991
177992
177993
177994
177995
177996
178007
178008
178009
178010
178011
178012
178013
178014
178015
178016
178017
178018
178019
178020
178021
178022
178023
178024
178025
178026
178027
178028
178029
178030
178031
178032
178033
178034
178035
178036
178037
178038
178039
178040
178041
178042
178043
178044
178045
178046
178047
178048
178049
178050
178051
178052
178053
178054
178055
178056
178057
178059
178060
178061
178062
178063
178064
178065
178066
178067
178068
178069
178070
178071
178072
178073
178074
178075
178076
178078
178079
178080
178081
178082
178083
178084
178085
178086
178087
178088
178089
178090
178091
178092
178093
178094
178095
178096
178097
178098
178099
178100
178101
178102
178103
178104
178105
178106
178107
178108
178109
178110
178111
178112
178113
178114
178115
178116
178117
178118
178119
178120
178121
178122
178123
178124
178125
178126
178127
178128
178129
178130
178131
178132
178133
178134
178135
178136
178137
178138
178141
178142
178143
178145
178146
178147
178148
178149
178150
178151
178152
178153
178154
178155
178156
178157
178158
178159
178160
178161
178162
178163
178164
178165
178166
178167
178168
178169
178170
178171
178172
178173
178174
178175
178176
178177
178178
178179
178180
178181
178182
178183
178184
178185
178186
178187
178188
178189
178190
178191
178192
178193
1781932
1781935
1781937
1781939
178194
1781941
1781946
1781948
1781950
1781953
1781955
1781957
1781959
1781960
1781962
1781964
1781966
1781968
178197
1781970
1781972
1781974
1781977
1781978
178198
1781980
1781982
1781984
1781987
1781989
178199
1781991
1781993
1781995
1781999
178200
1782001
1782003
1782005
1782007
1782008
1782009
178201
1782010
1782011
1782014
1782016
1782018
178202
1782020
1782022
1782023
1782024
1782028
178203
1782030
1782032
1782034
1782038
178204
1782042
1782044
1782046
1782048
178205
1782051
1782053
1782056
1782058
178206
1782060
1782062
1782063
1782064
1782067
178207
1782070
1782072
1782073
1782075
1782076
1782078
178208
1782080
1782082
1782084
1782086
1782088
178209
1782090
1782094
1782095
1782099
178210
1782101
1782103
1782104
1782105
1782109
178211
1782111
1782113
1782114
1782117
1782119
178212
1782121
1782123
1782125
1782127
1782129
178213
1782132
1782133
1782134
1782136
1782138
178214
1782140
1782142
1782144
1782145
1782148
1782149
178215
1782150
1782153
1782157
178216
1782160
1782162
1782164
1782167
1782169
178217
1782171
1782174
1782175
1782176
1782178
178218
1782180
1782181
1782184
1782186
1782187
1782189
178219
1782191
1782193
1782195
1782197
1782199
178220
1782202
1782203
1782205
1782207
1782209
178221
1782211
1782213
1782214
1782215
1782216
1782217
1782218
1782219
178222
1782220
1782221
1782222
1782223
1782224
1782225
1782226
1782227
1782228
1782229
178223
1782230
1782231
1782232
1782233
1782234
1782235
1782236
1782237
1782238
1782239
178224
1782240
1782241
1782242
1782243
1782244
1782245
1782246
1782247
1782248
1782249
178225
1782250
1782251
1782252
1782253
1782254
1782255
1782256
1782257
1782258
1782259
178226
1782260
1782261
1782262
1782263
1782264
1782265
1782266
1782267
1782268
1782269
178227
1782270
1782271
1782272
1782273
1782274
1782275
1782276
1782277
1782278
1782279
178228
1782280
1782281
1782282
1782283
1782284
1782285
1782286
1782287
1782288
1782289
1782290
1782291
1782292
1782293
1782294
1782295
1782296
1782297
1782298
1782299
1782300
1782301
1782302
1782303
1782304
1782305
1782306
1782307
1782308
1782309
1782310
1782311
1782312
1782313
1782314
1782315
1782316
1782317
1782318
1782319
1782320
1782321
1782322
1782323
1782324
1782325
1782326
1782327
1782328
1782329
1782330
1782331
1782332
1782333
1782334
1782335
1782336
1782337
1782338
1782339
1782340
1782341
1782342
1782343
1782344
1782345
1782346
1782347
1782348
1782349
1782350
1782351
1782352
1782353
1782354
1782355
1782356
1782357
1782358
1782359
1782360
1782361
1782362
1782363
1782364
1782365
1782366
1782367
1782368
1782369
1782370
1782371
1782372
1782373
1782374
1782375
1782376
1782377
1782378
1782379
1782380
1782381
1782382
1782383
1782384
1782385
1782386
1782387
1782388
1782389
1782390
1782391
1782392
1782393
1782394
1782395
1782396
1782397
1782398
1782399
1782400
1782401
1782402
1782403
1782404
1782405
1782406
1782407
1782409
1782411
1782412
1782415
1782416
1782418
1782419
1782420
1782421
1782422
1782426
1782427
1782428
1782429
1782430
1782431
1782432
1782433
1782434
1782435
1782436
1782437
1782438
1782439
1782440
1782441
1782442
1782443
1782444
1782445
1782446
1782447
1782448
1782449
1782450
1782451
1782452
1782453
1782454
1782455
1782456
1782457
1782458
1782459
1782460
1782461
1782462
1782463
1782464
1782465
1782466
1782467
1782468
1782469
1782470
1782471
1782472
1782473
1782474
1782475
1782476
1782477
1782478
1782479
1782480
1782481
1782482
1782483
1782484
1782485
1782486
1782487
1782488
1782489
1782490
1782491
1782492
1782493
1782494
1782495
1782496
1782497
1782498
1782499
1782500
1782501
1782502
1782503
1782504
1782505
1782506
1782507
1782508
1782509
1782510
1782511
1782512
1782513
1782514
1782515
1782516
1782517
1782518
1782519
1782520
1782521
1782522
1782523
1782524
1782525
1782526
1782527
1782528
1782529
1782530
1782531
1782532
1782533
1782534
1782535
1782536
1782537
1782538
1782539
1782540
1782541
1782542
1782543
1782544
1782545
1782546
1782547
1782548
1782549
1782550
1782551
1782552
1782553
1782554
1782555
1782556
1782557
1782558
1782559
1782560
1782561
1782562
1782563
1782564
1782565
1782566
1782567
1782568
1782569
1782570
1782571
1782572
1782573
1782574
1782575
1782576
1782577
1782578
1782579
1782580
1782581
1782582
1782583
1782584
1782585
1782586
1782587
1782588
1782589
1782590
1782591
1782592
1782593
1782594
1782595
1782596
1782597
1782598
1782599
1782600
1782601
1782602
1782603
1782604
1782605
1782606
1782607
1782608
1782609
1782610
1782611
1782612
1782613
1782614
1782615
1782616
1782617
1782618
1782619
1782621
1782624
1782627
1782628
1782631
1782633
1782634
1782636
1782638
1782641
1782642
1782643
1782644
1782645
1782647
1782649
1782651
1782654
1782655
1782658
1782661
1782663
1782664
1782665
1782667
1782671
1782672
1782673
1782675
1782677
1782681
1782682
1782686
1782688
1782689
1782690
1782692
1782694
1782697
1782699
1782700
1782702
1782703
1782704
1782707
1782710
1782712
1782713
1782718
1782719
1782721
1782723
1782724
1782725
1782727
1782729
1782730
1782731
1782732
1782738
1782740
1782743
1782746
1782747
1782748
1782753
1782756
1782757
1782760
1782761
1782762
1782766
1782767
1782768
1782769
1782770
1782772
1782780
1782781
1782782
1782783
1782784
1782785
1782786
1782789
1782790
1782791
1782794
1782795
1782801
1782802
1782803
1782806
1782807
1782809
1782811
1782812
1782813
1782815
1782818
1782821
1782823
1782824
1782825
1782826
1782828
1782829
1782834
1782835
1782836
1782842
1782843
1782844
1782846
1782849
1782851
1782854
1782856
1782857
1782859
1782860
1782861
1782863
1782865
1782866
1782873
1782874
1782876
1782877
1782881
1782882
1782883
1782886
1782890
1782891
1782893
1782894
1782899
1782900
1782901
1782904
1782908
1782910
1782911
1782913
1782915
1782917
1782919
1782922
1782925
1782926
1782929
1782930
1782934
1782935
1782936
1782939
1782941
1782943
1782947
1782953
1782955
1782959
1782961
1782967
1782968
1782969
1782973
1782975
1782976
1782982
1782983
1782984
1782987
1782989
1782993
1782994
1782996
1782997
1782999
1783002
1783003
1783004
1783006
1783007
1783008
1783012
1783013
1783017
1783018
1783021
1783022
1783023
1783025
1783026
1783027
1783029
1783030
1783034
1783037
1783039
1783042
1783043
1783044
1783045
1783049
1783050
1783051
1783052
1783058
1783059
1783061
1783062
1783063
1783064
1783065
1783066
1783067
1783069
1783070
1783077
1783080
1783081
1783083
1783085
1783086
1783089
1783093
1783095
1783096
1783097
1783100
1783101
1783103
1783107
1783109
1783110
1783111
1783114
1783116
1783118
1783120
1783121
1783124
1783125
1783126
1783127
1783128
1783131
1783133
1783135
1783137
1783138
1783139
1783140
1783141
1783147
1783153
1783154
1783155
1783158
1783222
1783239
1783244
1783251
1783258
1783273
1783279
1783293
1783298
1783312
1783317
1783321
1783325
1783343
1783360
1783365
1783373
1783378
1783388
1783391
1783403
1783411
1783417
1783425
1783431
1783450
1783454
1783463
1783472
1783489
1783496
1783498
1783513
1783524
1783532
1783536
1783537
1783540
1783548
1783559
1783565
1783569
1783570
1783579
1783581
1783582
1783584
1783586
1783588
1783601
1783605
1783606
1783615
1783618
1783619
1783627
1783631
1783632
1783640
1783643
1783644
1783647
1783649
1783651
1783657
1783663
1783667
1783672
1783676
1783679
1783683
1783689
1783691
1783693
1783695
1783699
1783706
1783710
1783716
1783725
1783729
1783741
1783743
1783746
178375
1783757
178376
1783760
1783762
1783765
1783766
178377
1783774
1783777
1783779
178378
1783781
178379
1783793
1783795
1783798
178380
1783808
178381
1783812
1783815
1783817
178382
178383
1783833
1783834
1783836
1783837
178384
1783845
1783847
178385
1783850
1783855
1783857
178386
1783861
1783866
1783868
178387
1783874
1783875
1783877
178388
1783885
1783886
178389
1783892
178390
1783900
1783908
178391
1783912
1783913
1783916
178392
1783925
1783928
178393
1783930
178394
178395
178396
178397
178398
178399
178400
178401
178402
178403
178404
178405
178406
178407
178408
178409
178410
178412
178413
178414
178415
178416
178417
178418
178419
178420
178421
178422
178423
178424
178425
178426
178427
178428
178429
178430
178431
178432
178433
178434
178435
178436
178437
178438
178439
178440
178441
178442
178443
178444
178445
178446
178447
178448
178449
178450
178451
178453
178454
178455
178456
178457
178459
178460
178461
178462
178463
178464
178465
178466
178467
178468
178469
178470
178471
178472
178473
178474
178475
178476
178477
178478
178479
178480
178481
178482
178483
1794363
1794364
1794365
1794366
1794367
1794368
1794369
1794370
1794371
1794372
1794373
1794374
1794375
1794376
1794377
1794378
1794379
1794380
1794381
1794382
1794977
1794978
1794979
1794980
1794981
1794982
1794983
1794984
1794985
1794986
1794987
1794988
1794989
1794990
1794991
1794992
1794993
1794994
1794995
1794996
1794997
1794998
1794999
1795000
1795001
1795002
1795003
1795004
1795005
1795006
1795007
1795008
1795009
1795010
1795011
1795012
1795013
1795014
1795015
1795016
1795017
1795018
1795019
1795020
1795021
1795022
1795023
1795024
1795025
1795026
1795027
1795028
1795029
1795030
1795031
1795032
1795033
1795034
1795035
1795036
1795037
1795038
1795039
1795040
1795041
1795042
1795043
1795044
1795045
1795046
1795047
1795048
1795049
1795050
1795051
1795052
1795053
1795054
1795055
1795056
1795057
1795058
1795059
1795060
1795061
1795062
1795063
1795064
1795065
1795066
1795067
1795068
1795069
1795070
1795071
1795072
1795073
1795074
1795075
1795076
1795077
1795078
1795079
1795080
1795081
1795082
1795083
1795084
1795085
1795086
1795087
1795088
1795089
1795090
1795091
1795092
1795093
1795094
1795095
1795096
1795097
1795098
1795099
1795100
1795101
1795102
1795103
1795104
1795105
1795106
1795107
1795108
1795109
1795110
1795111
1795112
1795113
1795114
1795115
1795116
1795117
1795118
1795119
1795120
1795121
1795122
1795123
1795124
1795125
1795126
1795127
1795128
1795129
1795130
1795131
1795132
1795133
1795134
1795135
1795136
1795137
1795138
1795139
1795140
1795141
1795142
1795143
1795144
1795145
1795146
1795147
1795148
1795149
1795150
1795151
1795152
1795153
1795154
1795155
1795156
1795157
1795158
1795159
1795160
1795161
1795162
1795163
1795164
1795165
1795166
1795167
1795168
1795169
1795170
1795171
1795172
1795173
1795174
1795175
1795176
1795177
1795178
1795179
1795180
1795181
1795182
1795183
1795184
1795185
1795186
1795187
1795188
1795189
1795190
1795191
1795192
